$ 64 0.0000049999999999999996 14.235633750745258 44 5 50 0.000001
f 208 192 256 192 32 2 0.02
f 384 192 432 192 32 2 0.02
r 256 64 256 144 0 10000
g 256 208 256 224 0 0
g 432 208 432 224 0 0
w 192 192 208 192 0
w 256 144 256 176 0
R 256 64 256 32 0 0 40 5 0 0 0.5
R 32 64 32 32 0 0 40 5 0 0 0.5
w 432 160 432 176 0
x -131 264 -67 267 6 24 STOP
w 32 144 32 176 0
g 32 272 32 288 0 0
f -16 192 32 192 32 2 0.02
f -16 256 32 256 32 2 0.02
w 32 240 32 208 0
L -16 256 -48 256 0 1 false 5 0
r 32 64 32 144 0 10000
r 432 64 432 144 0 10000
w 432 144 432 160 0
R 432 64 432 32 0 0 40 5 0 0 0.5
s 112 -16 192 -16 0 0 false
w 432 144 496 144 0
w 496 144 496 -16 0
w 496 -16 192 -16 0
c 192 -16 192 32 0 4.7e-10 -0.7427139552306729 0.001
c 112 -16 112 32 0 0.000001 -0.7424353643554856 0.001
w 192 32 192 192 0
w -16 192 -48 192 0
w -48 192 -48 -64 0
174 96 192 176 160 1 10000 0.48020000000000007 Frequency
w 32 144 144 144 0
w 144 144 144 160 0
w 192 -16 192 -64 0
w 192 -64 -48 -64 0
w 256 144 336 144 0
w 336 144 336 192 0
w 336 192 384 192 0
w 496 192 544 192 0
R 592 64 592 32 0 0 40 5 0 0 0.5
w 592 144 592 160 0
r 592 64 592 144 0 4700
w 592 160 592 176 0
g 592 208 592 224 0 0
f 544 192 592 192 32 2 0.02
207 592 160 656 160 4 CLK
r 112 32 192 32 0 1
w 496 192 496 256 0
w 496 256 336 256 0
w 336 256 336 192 0
o 45 64 0 12298 5.000272002541663 0.0001 0 1
