$ 65 0.0000625 1.4391916095149893 43 5 43 5e-11
r 160 -144 160 -80 0 10000
f 112 -32 160 -32 32 2.1 0.02
w 160 -48 160 -80 0
R 160 -144 160 -176 0 0 40 5 0 0 0.5
f 112 32 160 32 32 2.1 0.02
w 160 -16 160 16 0
w 160 288 160 320 0
f 112 336 160 336 32 2.1 0.02
R 160 160 160 128 0 0 40 5 0 0 0.5
w 160 256 160 224 0
f 112 272 160 272 32 2.1 0.02
r 160 160 160 224 0 10000
w 384 288 384 320 0
f 336 336 384 336 32 2.1 0.02
R 384 160 384 128 0 0 40 5 0 0 0.5
w 384 256 384 224 0
f 336 272 384 272 32 2.1 0.02
r 384 160 384 224 0 22000
w 640 0 640 32 0
f 592 48 640 48 32 2.1 0.02
R 640 -128 640 -160 0 0 40 5 0 0 0.5
f 592 -16 640 -16 32 2.1 0.02
r 640 -128 640 -64 0 10000
w 640 432 640 464 0
R 640 224 640 192 0 0 40 5 0 0 0.5
w 640 400 640 368 0
f 592 416 640 416 32 2.1 0.02
r 640 224 640 288 0 1000
34 yellow 1 9.32e-11 0 3.51532028522468 0 1
162 640 288 640 368 2 yellow 1 1 0 0.01
r 384 480 384 544 0 6800
f 336 592 384 592 32 2.1 0.02
w 384 576 384 544 0
R 384 480 384 448 0 0 40 5 0 0 0.5
f 336 656 384 656 32 2.1 0.02
w 384 608 384 640 0
w 592 416 560 416 0
w 560 416 560 -48 0
w 560 -48 640 -48 0
w 640 -32 640 -48 0
w 640 -48 640 -64 0
w 592 48 528 48 0
w 528 48 528 368 0
w 528 368 640 368 0
w 336 336 272 336 0
w 272 336 272 224 0
w 272 224 160 224 0
w 272 224 272 -16 0
w 272 -16 592 -16 0
w 112 272 48 272 0
w 48 272 48 416 0
w 48 416 240 416 0
w 240 416 240 272 0
w 240 272 336 272 0
w 112 336 80 336 0
w 80 336 80 -80 0
w 80 -80 160 -80 0
w 384 544 -32 544 0
w -32 544 -32 32 0
w -32 32 112 32 0
w 384 352 384 384 0
w 384 384 208 384 0
w 208 384 208 80 0
w 208 80 208 16 0
w 208 16 160 16 0
w 160 48 160 96 0
w 160 96 640 96 0
w 640 96 640 64 0
w 160 96 -112 96 0
w 160 352 160 704 0
w 160 704 384 704 0
w 384 704 384 672 0
w 336 592 -112 592 2
w 384 224 304 224 0
w 304 224 304 656 0
w 304 656 336 656 0
w 160 704 -96 704 0
w 112 -32 112 224 0
w 112 224 160 224 0
w 384 608 640 608 0
w 640 464 640 608 0
L -112 96 -272 96 0 0 false 5 0
L -96 704 -272 704 0 0 false 5 0
207 640 -64 688 -64 4 Q
207 640 368 688 368 4 nQ
R 48 272 -272 272 1 2 100 2.5 2.5 0 0.5
x -265 74 -229 77 4 24 Set
x -255 688 -198 691 4 24 Clear
L -112 592 -272 592 0 0 false 5 0
x -254 578 -237 581 4 24 D
