$ 64 0.0000049999999999999996 14.235633750745258 44 5 50 0.000001
f 288 0 336 0 32 2 0.02
g 336 16 336 32 0 0
w 336 -32 336 -16 0
r 336 -128 336 -48 0 10000
w 336 -48 336 -32 0
R 336 -128 336 -160 0 0 40 5 0 0 0.5
w 240 0 288 0 0
w 496 -32 496 -16 0
g 496 16 496 32 0 0
f 448 0 496 0 32 2 0.02
207 496 -48 560 -48 4 SC
w 336 -48 496 -48 0
w 496 -48 496 -32 0
w 496 192 496 208 0
w 336 192 496 192 0
207 496 208 560 208 4 WS
f 448 240 496 240 32 2 0.02
g 496 256 496 272 0 0
w 496 208 496 224 0
w 240 240 288 240 0
R 336 112 336 80 0 0 40 5 0 0 0.5
w 336 192 336 208 0
r 336 112 336 192 0 10000
w 336 208 336 224 0
g 336 256 336 272 0 0
f 288 240 336 240 32 2 0.02
R -16 -32 -96 -32 1 2 100 2.5 2.5 0 0.5
155 32 -64 160 -64 0 0
w -16 -32 32 -32 0
w -16 -32 -16 240 0
w -16 240 240 240 0
w 240 240 240 0 0
w 128 0 128 64 0
w 128 64 448 64 0
w 448 64 448 0 0
w 128 -64 176 -64 0
w 176 -64 176 336 0
w 176 336 448 336 0
w 448 336 448 240 0
w 128 64 16 64 0
w 16 64 16 -64 0
w 16 -64 32 -64 0
o 10 64 0 12298 4.995572179925453 0.0001 0 2 15 0
