$ 64 0.000005 1.0312258501325766 50 5 50 5e-11
f 192 160 240 160 32 1.5 0.02
f 336 160 384 160 32 1.5 0.02
r 240 16 240 80 0 10000
r 384 16 384 80 0 1000
162 384 80 384 128 2 default-led 1 0 0 0.01
s 112 160 160 160 0 1 true
s 112 80 160 80 0 1 true
g 240 176 240 192 0 0
g 384 176 384 192 0 0
w 80 304 80 160 0
w 80 160 112 160 0
w 80 160 80 80 0
w 80 80 112 80 0
w 160 160 192 160 0
w 240 80 240 144 0
R 240 16 240 -16 0 0 40 5 0 0 0.5
R 384 16 384 -16 0 0 40 5 0 0 0.5
w 384 128 384 144 0
w 336 160 304 160 0
w 304 160 304 80 0
w 304 80 240 80 0
w 384 128 192 128 0
w 192 128 192 160 0
w 160 80 240 80 0
x 16 83 65 86 4 24 Stop
x 15 166 65 169 4 24 Start
x 468 136 544 139 6 24 START
M 384 128 448 128 0 2.5
M 416 304 448 304 0 2.5
x 464 315 528 318 6 24 STOP
w 416 304 304 304 0
w 304 304 304 160 0
s 80 304 192 304 0 1 true
d 304 304 240 304 2 1N5711
g 80 304 80 368 0 0
x 2 305 64 308 4 24 Reset
w 240 304 192 304 0
w 240 304 240 352 0
M 240 352 304 352 0 2.5
x 325 361 373 364 6 24 RST
R 192 240 192 208 0 0 40 5 0 0 0.5
r 192 240 192 304 0 10000
