$ 1 0.000005 10.20027730826997 54 5 50 5e-11
g 256 256 256 272 0 0
R 256 144 256 112 0 0 40 5 0 0 0.5
L 128 240 96 240 0 1 false 5 0
r 256 144 256 208 0 10000
M 336 208 384 208 0 2.5
w 256 208 256 224 0
t 208 240 256 240 0 1 0.5736808041866426 0.5981928106959261 100 default
r 128 240 208 240 0 10000
r 128 336 208 336 0 10000
t 208 336 256 336 0 1 0.5736808041866427 0.5981928106959262 100 default
w 256 304 256 320 0
L 128 336 96 336 0 1 false 5 0
g 256 352 256 368 0 0
w 336 208 256 208 0
w 336 208 336 304 0
w 336 304 256 304 0
