$ 1 0.000005 10.20027730826997 54 5 50 5e-11
g 272 288 272 304 0 0
R 208 160 208 128 0 0 40 5 0 0 0.5
L 128 256 96 256 0 1 false 5 0
r 272 160 272 224 0 10000
M 272 240 320 240 0 2.5
w 272 240 272 256 0
t 224 272 272 272 0 1 0.5880137185309134 0.6133772388951294 100 default
t 144 224 144 256 0 1 0.5528377655771043 -3.8337849955277665 100 default
L 128 304 96 304 0 1 false 5 0
t 208 224 208 256 0 1 0.5528377655771043 -3.8337849955277665 100 default
w 224 256 224 272 0
w 160 256 160 272 0
w 160 272 224 272 0
w 192 256 192 304 0
w 192 304 128 304 0
w 144 224 208 224 0
r 208 160 208 224 0 10000
w 272 240 272 224 0
R 272 160 272 128 0 0 40 5 0 0 0.5
